2000 2
0 0.8985650539398193 0.22121132910251617
1 0.2815908193588257 0.1082780510187149
2 0.3526175022125244 0.43795496225357056
3 0.635633111000061 0.20171396434307098
4 0.6668260097503662 0.2415693998336792
5 0.6078291535377502 0.8871840238571167
6 0.9009865522384644 0.5194344520568848
7 0.29421836137771606 0.08533816039562225
8 0.6018059849739075 0.5908619165420532
9 0.6280128359794617 0.5440756678581238
10 0.552842378616333 0.9599874019622803
11 0.882699191570282 0.8725351095199585
12 0.30346739292144775 0.36669155955314636
13 0.30966687202453613 0.11046936362981796
14 0.3805413544178009 0.38913097977638245
15 0.33712899684906006 0.03389914333820343
16 0.611180305480957 0.8893018960952759
17 0.9430707097053528 0.5296283960342407
18 0.08829633891582489 0.5179852843284607
19 0.8846966028213501 0.7945387959480286
20 0.2754710912704468 0.7415481805801392
21 0.5335192084312439 0.9313591122627258
22 0.04073571413755417 0.5004476308822632
23 0.9093540906906128 0.24268005788326263
24 0.34910446405410767 0.038758549839258194
25 0.311983585357666 0.35130202770233154
26 0.35860520601272583 0.03967822715640068
27 0.9351375699043274 0.18263477087020874
28 0.8410346508026123 0.7877696752548218
29 0.8702992796897888 0.8321751356124878
30 0.9000176191329956 0.5475080013275146
31 0.3106893002986908 0.10269464552402496
32 0.3249800205230713 0.02056513912975788
33 0.5966753959655762 0.8845430612564087
34 0.6528393030166626 0.23292432725429535
35 0.6500001549720764 0.23254023492336273
36 0.8987740874290466 0.5542125701904297
37 0.3261835277080536 0.44822239875793457
38 0.8508541584014893 0.7834951281547546
39 0.39622923731803894 0.38325512409210205
40 0.5528603792190552 0.547321081161499
41 0.3570261299610138 0.06417189538478851
42 0.07174571603536606 0.5028020143508911
43 0.5948604345321655 0.9397204518318176
44 0.27758270502090454 0.06691897660493851
45 0.06678875535726547 0.4888237416744232
46 0.9534410834312439 0.26616623997688293
47 0.02338745817542076 0.5000731945037842
48 0.5918490886688232 0.541648268699646
49 0.9486691951751709 0.5525624752044678
50 0.9269817471504211 0.24938452243804932
51 0.6026622653007507 0.84686678647995
52 0.9586434960365295 0.5019826292991638
53 0.8801986575126648 0.5860145092010498
54 0.5960306525230408 0.8896456360816956
55 0.5722845196723938 0.8591293096542358
56 0.5386316776275635 0.5622466206550598
57 0.301381915807724 0.06765617430210114
58 0.9433590769767761 0.5742452144622803
59 0.6022840142250061 0.8492739200592041
60 0.9599045515060425 0.5463494658470154
61 0.6230954527854919 0.17926949262619019
62 0.38909149169921875 0.414262592792511
63 0.35911256074905396 0.44838210940361023
64 0.5900224447250366 0.9254705309867859
65 0.08682017773389816 0.533878743648529
66 0.6106048226356506 0.5882553458213806
67 0.3057071268558502 0.42223063111305237
68 0.2910878360271454 0.022038577124476433
69 0.35373008251190186 0.4098362326622009
70 0.9137933850288391 0.8348100781440735
71 0.8992146849632263 0.8143035769462585
72 0.9741324782371521 0.22524286806583405
73 0.9469171762466431 0.5387974977493286
74 0.6414346098899841 0.9093612432479858
75 0.5414544939994812 0.568384051322937
76 0.8756620287895203 0.5284780859947205
77 0.9350901246070862 0.7932751774787903
78 0.6235365271568298 0.23468324542045593
79 0.5975521206855774 0.9366118311882019
80 0.8962988257408142 0.5785460472106934
81 0.28585806488990784 0.8083392977714539
82 0.28783538937568665 0.8066763281822205
83 0.6747719645500183 0.1977364867925644
84 0.6398705840110779 0.20944038033485413
85 0.25410422682762146 0.8030349612236023
86 0.8969864845275879 0.49723613262176514
87 0.9133625030517578 0.8390279412269592
88 0.938125729560852 0.49619072675704956
89 0.8662920594215393 0.8389833569526672
90 0.5807247757911682 0.9240972399711609
91 0.64096999168396 0.2157215029001236
92 0.8310607075691223 0.82261061668396
93 0.8590137958526611 0.5268756747245789
94 0.8835327625274658 0.8270887136459351
95 0.5706564784049988 0.5060998201370239
96 0.9007061123847961 0.5523037910461426
97 0.3216943144798279 0.437874436378479
98 0.5439620018005371 0.6062862277030945
99 0.2885994613170624 0.7355186343193054
100 0.2534175515174866 0.8213311433792114
101 0.027139393612742424 0.5236951112747192
102 0.2296171337366104 0.7486162781715393
103 0.908522367477417 0.5225472450256348
104 0.31257423758506775 0.3843461275100708
105 0.31206679344177246 0.4192541241645813
106 0.5821505784988403 0.9431036710739136
107 0.5375263094902039 0.9450770616531372
108 0.8582629561424255 0.887740969657898
109 0.9317026734352112 0.8583292961120605
110 0.6058794260025024 0.8866349458694458
111 0.6802487373352051 0.15337735414505005
112 0.5668149590492249 0.8359282612800598
113 0.8879415988922119 0.21456870436668396
114 0.6120666861534119 0.5696059465408325
115 0.5531109571456909 0.9152229428291321
116 0.8893654346466064 0.8376731872558594
117 0.8942351341247559 0.8462523221969604
118 0.5995985865592957 0.9092450141906738
119 0.9041064977645874 0.18734663724899292
120 0.03316715732216835 0.5587859749794006
121 0.9577903151512146 0.25370123982429504
122 0.2982371747493744 0.10297372192144394
123 0.6602420806884766 0.23182982206344604
124 0.3246067464351654 0.3874625563621521
125 0.6216673851013184 0.5660864114761353
126 0.8742340207099915 0.7807809114456177
127 0.8597623705863953 0.5190171599388123
128 0.03291419893503189 0.5620988011360168
129 0.06411974877119064 0.5500215888023376
130 0.05645785853266716 0.4683683514595032
131 0.9510979652404785 0.4960492253303528
132 0.6331449151039124 0.5694310069084167
133 0.8900852799415588 0.21880501508712769
134 0.9165663123130798 0.2149195373058319
135 0.25260287523269653 0.7307902574539185
136 0.9473130702972412 0.5408336520195007
137 0.9382002353668213 0.8264697790145874
138 0.9162601828575134 0.18557685613632202
139 0.5655881762504578 0.9096865057945251
140 0.040497347712516785 0.4811999797821045
141 0.6135239601135254 0.21758365631103516
142 0.58758944272995 0.5044257640838623
143 0.884414553642273 0.8618651628494263
144 0.29553934931755066 0.41209185123443604
145 0.893240213394165 0.7891801595687866
146 0.8555339574813843 0.5370845198631287
147 0.5925531983375549 0.2197064608335495
148 0.3811097741127014 0.36348384618759155
149 0.8753014206886292 0.8193004131317139
150 0.6607127785682678 0.2338828444480896
151 0.21604184806346893 0.803087055683136
152 0.5569949150085449 0.5384963750839233
153 0.9254245758056641 0.2607089579105377
154 0.2527411878108978 0.8145994544029236
155 0.8773682117462158 0.8018441200256348
156 0.3432038128376007 0.03539685159921646
157 0.5573713779449463 0.5135533809661865
158 0.8926488757133484 0.20478077232837677
159 0.5891454219818115 0.24368616938591003
160 0.6431771516799927 0.15117086470127106
161 0.6078315377235413 0.8845438957214355
162 0.8349848389625549 0.8177014589309692
163 0.8939651846885681 0.21387217938899994
164 0.06803109496831894 0.5488461852073669
165 0.620793342590332 0.8740090131759644
166 0.2436605542898178 0.8134452700614929
167 0.24487972259521484 0.8115668296813965
168 0.326832115650177 0.44119033217430115
169 0.08708548545837402 0.504331648349762
170 0.07539234310388565 0.4842013716697693
171 0.9768421053886414 0.25237807631492615
172 0.892275869846344 0.21097919344902039
173 0.608960747718811 0.5765863060951233
174 0.3365342319011688 0.03288768231868744
175 0.574576735496521 0.592893660068512
176 0.9414902329444885 0.4967198371887207
177 0.36699238419532776 0.39854687452316284
178 0.5805408358573914 0.2034081518650055
179 0.5691284537315369 0.1745167076587677
180 0.10426123440265656 0.5550746917724609
181 0.6281898617744446 0.14863406121730804
182 0.8514254689216614 0.5199528336524963
183 0.34661319851875305 0.3489707410335541
184 0.37663039565086365 0.40367060899734497
185 0.5721819996833801 0.8913496136665344
186 0.3640075922012329 0.10638861358165741
187 0.6792502403259277 0.13933522999286652
188 0.30452919006347656 0.04380398616194725
189 0.3143919110298157 0.7614132165908813
190 0.5386292934417725 0.865259051322937
191 0.627165675163269 0.24677123129367828
192 0.548337459564209 0.5606387853622437
193 0.9124094843864441 0.21379835903644562
194 0.9212497472763062 0.17148923873901367
195 0.3238392770290375 0.03166148439049721
196 0.8543406128883362 0.8008342385292053
197 0.5914313197135925 0.9382055997848511
198 0.30590757727622986 0.3926427960395813
199 0.6590272188186646 0.12676504254341125
200 0.10543461889028549 0.509642481803894
201 0.29011768102645874 0.09838943183422089
202 0.6274402141571045 0.5617151260375977
203 0.9321854710578918 0.5089586973190308
204 0.34006017446517944 0.3616885840892792
205 0.8214463591575623 0.8305615186691284
206 0.9289883375167847 0.8240815997123718
207 0.8767997026443481 0.5274351835250854
208 0.08836043626070023 0.5409557223320007
209 0.3253058195114136 0.10564347356557846
210 0.34276747703552246 0.36348390579223633
211 0.525505542755127 0.9010252356529236
212 0.6309199929237366 0.22710798680782318
213 0.09213102608919144 0.5168349742889404
214 0.5436509847640991 0.9590299129486084
215 0.5507577657699585 0.5682255625724792
216 0.8772866129875183 0.78542160987854
217 0.9414082169532776 0.5066643357276917
218 0.5475596189498901 0.5244297981262207
219 0.8785203695297241 0.564351499080658
220 0.2955946624279022 0.7320811748504639
221 0.6349619030952454 0.5362625122070312
222 0.3528478741645813 0.41379091143608093
223 0.6156825423240662 0.5059552788734436
224 0.9689538478851318 0.231058731675148
225 0.8747584223747253 0.7833865880966187
226 0.8870967030525208 0.5130613446235657
227 0.9151832461357117 0.5111969709396362
228 0.3353704810142517 0.1284349411725998
229 0.5971733927726746 0.5650296807289124
230 0.3174116909503937 0.058908890932798386
231 0.9624304175376892 0.5352426767349243
232 0.8382726907730103 0.8081324100494385
233 0.6383613348007202 0.5660166144371033
234 0.581784188747406 0.9608787894248962
235 0.3200764060020447 0.4406493008136749
236 0.6431553363800049 0.21818865835666656
237 0.25122347474098206 0.8270841836929321
238 0.9126651883125305 0.2744857966899872
239 0.3165082335472107 0.37746626138687134
240 0.26767414808273315 0.7541727423667908
241 0.5516890287399292 0.8829131722450256
242 0.8914714455604553 0.8070002198219299
243 0.5391129851341248 0.8668918609619141
244 0.350455105304718 0.023180097341537476
245 0.6261420845985413 0.9011252522468567
246 0.932848334312439 0.21638965606689453
247 0.5616852045059204 0.8631490468978882
248 0.35714462399482727 0.4512079954147339
249 0.9309352040290833 0.25381723046302795
250 0.020248085260391235 0.4911363422870636
251 0.2985341548919678 0.7869485020637512
252 0.30479228496551514 0.4125690162181854
253 0.37520191073417664 0.36226290464401245
254 0.07561852037906647 0.4983940124511719
255 0.3187757730484009 0.785438597202301
256 0.8868154287338257 0.5029199123382568
257 0.24899506568908691 0.7687972187995911
258 0.5679451823234558 0.5662548542022705
259 0.059106118977069855 0.5586220622062683
260 0.03942954167723656 0.556843638420105
261 0.8560140132904053 0.8640010952949524
262 0.923505961894989 0.5517734885215759
263 0.2198716402053833 0.7982420325279236
264 0.948948323726654 0.17841091752052307
265 0.8938407301902771 0.17340342700481415
266 0.8475644588470459 0.8428699374198914
267 0.6657227277755737 0.14115466177463531
268 0.35794389247894287 0.4008742868900299
269 0.9147298336029053 0.876706063747406
270 0.2804686427116394 0.8260209560394287
271 0.5665558576583862 0.520901620388031
272 0.3007682263851166 0.10452825576066971
273 0.39025023579597473 0.41731223464012146
274 0.30399438738822937 0.8186655640602112
275 0.9721914529800415 0.21773557364940643
276 0.044096771627664566 0.5488939881324768
277 0.6329110860824585 0.2413109689950943
278 0.8348503708839417 0.8454623222351074
279 0.35857152938842773 0.10537709295749664
280 0.6196619868278503 0.8436407446861267
281 0.023567073047161102 0.5195569396018982
282 0.6120838522911072 0.5810204148292542
283 0.32304051518440247 0.41083022952079773
284 0.8557901978492737 0.49279940128326416
285 0.3290494680404663 0.09103897958993912
286 0.6813165545463562 0.21380870044231415
287 0.23725391924381256 0.8028198480606079
288 0.8393917679786682 0.8350191712379456
289 0.3411537706851959 0.4001988172531128
290 0.580540657043457 0.8762750625610352
291 0.3643759787082672 0.04684307426214218
292 0.2891453206539154 0.40200018882751465
293 0.3522189259529114 0.3873252868652344
294 0.3358815908432007 0.7463818788528442
295 0.2803473174571991 0.11928119510412216
296 0.3119584619998932 0.7858686447143555
297 0.5579626560211182 0.19510643184185028
298 0.029431205242872238 0.5412444472312927
299 0.9230101108551025 0.8596757054328918
300 0.5483840107917786 0.5765591859817505
301 0.8435527086257935 0.8584746718406677
302 0.31673699617385864 0.3732774555683136
303 0.604388952255249 0.20395678281784058
304 0.5618957877159119 0.9362185001373291
305 0.30313464999198914 0.7796236872673035
306 0.8090481758117676 0.7863439917564392
307 0.6597762107849121 0.2541302740573883
308 0.27796411514282227 0.8459208011627197
309 0.29583823680877686 0.7584711313247681
310 0.26142266392707825 0.7394524216651917
311 0.09927166253328323 0.5365738868713379
312 0.26653826236724854 0.0979858860373497
313 0.8542454242706299 0.8014882206916809
314 0.556822657585144 0.8868212699890137
315 0.08699215203523636 0.5786006450653076
316 0.9501056671142578 0.49315816164016724
317 0.8858115077018738 0.851449191570282
318 0.9213092923164368 0.5796197652816772
319 0.5618841648101807 0.9644618034362793
320 0.5725693106651306 0.961871325969696
321 0.5426048040390015 0.5650529265403748
322 0.01888546533882618 0.4980114996433258
323 0.8892185091972351 0.48557034134864807
324 0.5711501240730286 0.5919962525367737
325 0.036524903029203415 0.5482129454612732
326 0.6079813241958618 0.8605767488479614
327 0.0448087640106678 0.5202840566635132
328 0.9465410709381104 0.1664145141839981
329 0.5995510816574097 0.5115769505500793
330 0.5934847593307495 0.8809618949890137
331 0.05838450416922569 0.477873831987381
332 0.6629083752632141 0.5378711819648743
333 0.5545368194580078 0.9237440824508667
334 0.366928368806839 0.3582695424556732
335 0.8815100193023682 0.8463530540466309
336 0.27305757999420166 0.7942897081375122
337 0.0787246972322464 0.5243608355522156
338 0.05130470544099808 0.544203519821167
339 0.630795419216156 0.18416371941566467
340 0.6134786009788513 0.6044175624847412
341 0.8574206829071045 0.8266749382019043
342 0.8874629735946655 0.22384484112262726
343 0.041775718331336975 0.5407853722572327
344 0.33666402101516724 0.4120723605155945
345 0.889411211013794 0.581274688243866
346 0.9439795017242432 0.8280678391456604
347 0.9461360573768616 0.49801331758499146
348 0.02777264639735222 0.5119168162345886
349 0.6151919960975647 0.5613260865211487
350 0.5215371251106262 0.8980857729911804
351 0.5937160849571228 0.5442370176315308
352 0.6145234704017639 0.18420884013175964
353 0.34070712327957153 0.10594513267278671
354 0.5179809927940369 0.9178476333618164
355 0.31366869807243347 0.8190122842788696
356 0.5373803377151489 0.8804057240486145
357 0.8992542028427124 0.28613829612731934
358 0.6299277544021606 0.5942161679267883
359 0.32281798124313354 0.7923316955566406
360 0.5464033484458923 0.5294687151908875
361 0.9259613752365112 0.5277368426322937
362 0.3070293068885803 0.7537072896957397
363 0.29588082432746887 0.7868016362190247
364 0.3340234160423279 0.045474305748939514
365 0.8897751569747925 0.2205784022808075
366 0.5726903676986694 0.5527825355529785
367 0.6343432664871216 0.24943983554840088
368 0.2996408939361572 0.7937124967575073
369 0.29299408197402954 0.024638192728161812
370 0.8501437902450562 0.8494689464569092
371 0.6094788908958435 0.20538154244422913
372 0.8589185476303101 0.8324533104896545
373 0.8616392016410828 0.8177915215492249
374 0.05172974243760109 0.4798315763473511
375 0.6726693511009216 0.16966523230075836
376 0.5899752974510193 0.8717225790023804
377 0.312783807516098 0.3366645276546478
378 0.872189462184906 0.5500211715698242
379 0.9470989108085632 0.19972673058509827
380 0.6393570899963379 0.5969815850257874
381 0.5995863080024719 0.5478020906448364
382 0.9018937349319458 0.854499340057373
383 0.33580273389816284 0.4327467083930969
384 0.3064345121383667 0.3456200659275055
385 0.5841169357299805 0.2533513903617859
386 0.598792314529419 0.16891232132911682
387 0.5488957762718201 0.9089527130126953
388 0.07716701179742813 0.4804849922657013
389 0.27365842461586 0.8212661743164062
390 0.950806200504303 0.1792757213115692
391 0.30985480546951294 0.7276597619056702
392 0.6135033965110779 0.5509085655212402
393 0.38241392374038696 0.04977225139737129
394 0.028306415304541588 0.5370704531669617
395 0.9260281920433044 0.20080305635929108
396 0.8659309148788452 0.8640958666801453
397 0.5540755391120911 0.9168835878372192
398 0.8911381363868713 0.7671235799789429
399 0.8543042540550232 0.5277985334396362
400 0.28443777561187744 0.7988962531089783
401 0.6033543944358826 0.8768279552459717
402 0.3340762257575989 0.09341658651828766
403 0.9392616748809814 0.2366483062505722
404 0.2397068291902542 0.826664388179779
405 0.5362550020217896 0.5563454031944275
406 0.28095075488090515 0.7906134128570557
407 0.8668248057365417 0.7677060961723328
408 0.5861466526985168 0.21473108232021332
409 0.9191279411315918 0.840341329574585
410 0.5375161170959473 0.5020167231559753
411 0.5775729417800903 0.8823415040969849
412 0.2828397750854492 0.049394309520721436
413 0.1348688155412674 0.4771377742290497
414 0.5917645692825317 0.5048118829727173
415 0.8939042091369629 0.5497917532920837
416 0.30815139412879944 0.035766612738370895
417 0.31507548689842224 0.07279577851295471
418 0.9523136615753174 0.255510538816452
419 0.07018750160932541 0.4784618318080902
420 0.8929780721664429 0.5658993721008301
421 0.8247063159942627 0.8450489044189453
422 0.060696519911289215 0.4953215420246124
423 0.09664247930049896 0.5349706411361694
424 0.6728503704071045 0.209380105137825
425 0.33800479769706726 0.04501013830304146
426 0.5630038380622864 0.9214889407157898
427 0.5842305421829224 0.21385951340198517
428 0.9306127429008484 0.1849367320537567
429 0.9752747416496277 0.20508542656898499
430 0.6251850128173828 0.5671712756156921
431 0.6016082763671875 0.15723064541816711
432 0.3609903156757355 0.38215944170951843
433 0.359894335269928 0.4106658697128296
434 0.8795228004455566 0.2567563056945801
435 0.3374035358428955 0.09232483804225922
436 0.32921814918518066 0.8190129399299622
437 0.5898270010948181 0.5048043727874756
438 0.9639370441436768 0.20858627557754517
439 0.6879217624664307 0.26314032077789307
440 0.06400027126073837 0.5682882070541382
441 0.24328996241092682 0.7535085082054138
442 0.6549006104469299 0.19090302288532257
443 0.6519401669502258 0.1496495008468628
444 0.9784297943115234 0.21238075196743011
445 0.057197168469429016 0.5397353768348694
446 0.3673357665538788 0.0359601266682148
447 0.02489093691110611 0.5505552887916565
448 0.28864240646362305 0.06444471329450607
449 0.9141879677772522 0.556283712387085
450 0.5462306141853333 0.9188396334648132
451 0.3311421871185303 0.34199345111846924
452 0.2890874147415161 0.790610134601593
453 0.32353267073631287 0.8107255697250366
454 0.34931668639183044 0.06339137256145477
455 0.6330052018165588 0.19593769311904907
456 0.8595231175422668 0.7965503334999084
457 0.03856252506375313 0.5441728234291077
458 0.943688690662384 0.26824840903282166
459 0.33590537309646606 0.013654479756951332
460 0.5673649907112122 0.8845700025558472
461 0.8889566659927368 0.5705941915512085
462 0.966220498085022 0.22317194938659668
463 0.8656368851661682 0.8792527318000793
464 0.974621593952179 0.5268312096595764
465 0.04306922107934952 0.5410193800926208
466 0.6256566643714905 0.1241137906908989
467 0.08526013791561127 0.5035141706466675
468 0.36061444878578186 0.45182156562805176
469 0.9417771697044373 0.7848523855209351
470 0.9104375243186951 0.49745407700538635
471 0.5857231020927429 0.8510469794273376
472 0.9181458353996277 0.8062366843223572
473 0.5733690857887268 0.9360700845718384
474 0.5019472241401672 0.8859297633171082
475 0.3091224431991577 0.09867478907108307
476 0.5351523160934448 0.8872480392456055
477 0.3014615476131439 0.7585269212722778
478 0.34851178526878357 0.412421315908432
479 0.2269064337015152 0.7707817554473877
480 0.9548836350440979 0.2704312205314636
481 0.6738654375076294 0.23163898289203644
482 0.8862515687942505 0.5008975863456726
483 0.6110400557518005 0.5259705781936646
484 0.5019965767860413 0.9160134196281433
485 0.8514407277107239 0.5592786073684692
486 0.9524544477462769 0.22868949174880981
487 0.2991827130317688 0.028300480917096138
488 0.5200873017311096 0.9039348363876343
489 0.8768274188041687 0.560110867023468
490 0.8660162687301636 0.4973148703575134
491 0.07652220875024796 0.5684245228767395
492 0.29106077551841736 0.04353499040007591
493 0.3187147080898285 0.4160883128643036
494 0.5517488121986389 0.5539101958274841
495 0.6037259101867676 0.512779176235199
496 0.2445642501115799 0.7373530864715576
497 0.6172204613685608 0.5687870383262634
498 0.2883060574531555 0.4042421877384186
499 0.6196850538253784 0.5459485054016113
500 0.6727392673492432 0.14887551963329315
501 0.6309279203414917 0.13854628801345825
502 0.706276535987854 0.20284880697727203
503 0.37826263904571533 0.37689223885536194
504 0.3218369483947754 0.06761039048433304
505 0.3642602860927582 0.34780511260032654
506 0.33629927039146423 0.07956450432538986
507 0.9601504802703857 0.2336706668138504
508 0.25082072615623474 0.7360764145851135
509 0.29306793212890625 0.1038270816206932
510 0.939224362373352 0.8398768305778503
511 0.6619794964790344 0.14769147336483002
512 0.9109853506088257 0.48675960302352905
513 0.8421012759208679 0.8295665383338928
514 0.8787156343460083 0.5197893381118774
515 0.2999733090400696 0.4078208804130554
516 0.90464186668396 0.24905766546726227
517 0.6389017105102539 0.11750735342502594
518 0.06093846634030342 0.49164536595344543
519 0.2952600419521332 0.7348556518554688
520 0.9103145003318787 0.21580003201961517
521 0.38323310017585754 0.08825237303972244
522 0.5703639984130859 0.6056450605392456
523 0.6290117502212524 0.1897318959236145
524 0.348596453666687 0.10455292463302612
525 0.9260997176170349 0.50346839427948
526 0.9000825881958008 0.5231689810752869
527 0.9127053022384644 0.22901551425457
528 0.9031793475151062 0.8590226769447327
529 0.956855058670044 0.20455379784107208
530 0.5648835897445679 0.5540775656700134
531 0.5926221609115601 0.590912401676178
532 0.0616617426276207 0.5715382099151611
533 0.539686918258667 0.8763224482536316
534 0.07358015328645706 0.49324336647987366
535 0.594010591506958 0.5747813582420349
536 0.8656334280967712 0.5277476906776428
537 0.5997351408004761 0.5627918243408203
538 0.5428904294967651 0.5615970492362976
539 0.8894240856170654 0.5073351860046387
540 0.6044698357582092 0.9441616535186768
541 0.5997326970100403 0.5464916229248047
542 0.591036319732666 0.16389885544776917
543 0.594917893409729 0.5034752488136292
544 0.31207704544067383 0.3664661645889282
545 0.8351820111274719 0.8580971956253052
546 0.6725467443466187 0.2216525375843048
547 0.9704566597938538 0.27760788798332214
548 0.8937010765075684 0.4715169668197632
549 0.5206174850463867 0.9100863337516785
550 0.9181844592094421 0.5097265243530273
551 0.3115616738796234 0.7413814663887024
552 0.9613903760910034 0.2631652057170868
553 0.5821028351783752 0.5967062711715698
554 0.04556946083903313 0.49580615758895874
555 0.30375659465789795 0.36619213223457336
556 0.28405699133872986 0.838443398475647
557 0.9321410059928894 0.8294377326965332
558 0.2642470598220825 0.7625739574432373
559 0.6636160016059875 0.22417964041233063
560 0.9389479160308838 0.23991097509860992
561 0.6112821698188782 0.13983583450317383
562 0.8714538812637329 0.8454837799072266
563 0.6052151322364807 0.2261955291032791
564 0.8547853231430054 0.5743056535720825
565 0.9531376361846924 0.5000690221786499
566 0.9449108242988586 0.22957243025302887
567 0.5911270380020142 0.4908589720726013
568 0.5750959515571594 0.5667083859443665
569 0.598236083984375 0.5049709677696228
570 0.3763982951641083 0.37901830673217773
571 0.354017972946167 0.35347506403923035
572 0.9862949252128601 0.23398323357105255
573 0.9092943072319031 0.7890742421150208
574 0.6478495597839355 0.8918060064315796
575 0.9506835341453552 0.5575965046882629
576 0.6365505456924438 0.20573727786540985
577 0.3066789209842682 0.10355798155069351
578 0.6238403916358948 0.4971253573894501
579 0.251819372177124 0.7774954438209534
580 0.28955206274986267 0.053051628172397614
581 0.3192015290260315 0.362208753824234
582 0.9670868515968323 0.20180663466453552
583 0.5561062693595886 0.5665773749351501
584 0.34962978959083557 0.09336064755916595
585 0.3083745539188385 0.7948358058929443
586 0.3151717782020569 0.4161306321620941
587 0.940159797668457 0.189398854970932
588 0.057851482182741165 0.4631837010383606
589 0.3030848503112793 0.125528022646904
590 0.3162996172904968 0.8353801369667053
591 0.9152581691741943 0.5747308731079102
592 0.3345303535461426 0.34185245633125305
593 0.9189388155937195 0.1893058866262436
594 0.9199711680412292 0.28811115026474
595 0.52909916639328 0.8963226675987244
596 0.3676496744155884 0.09843241423368454
597 0.5463730692863464 0.957963764667511
598 0.618073046207428 0.5657916069030762
599 0.3160649240016937 0.03293996676802635
600 0.2744655907154083 0.8276681303977966
601 0.6184624433517456 0.593776285648346
602 0.6828025579452515 0.16479454934597015
603 0.8629651069641113 0.82747882604599
604 0.37878021597862244 0.3617626130580902
605 0.11185135692358017 0.5181651711463928
606 0.6510729193687439 0.26101160049438477
607 0.5962913036346436 0.5427848100662231
608 0.8897902965545654 0.8712209463119507
609 0.32521066069602966 0.7802537083625793
610 0.5703349709510803 0.5253984928131104
611 0.32233747839927673 0.4273400604724884
612 0.012529796920716763 0.5257303714752197
613 0.9109088182449341 0.20080319046974182
614 0.5556947588920593 0.5431177020072937
615 0.6848835349082947 0.20404726266860962
616 0.638945460319519 0.5399593114852905
617 0.031001878902316093 0.5270673632621765
618 0.016613595187664032 0.5177337527275085
619 0.6172781586647034 0.8598145842552185
620 0.03907351940870285 0.5071794986724854
621 0.3124666213989258 0.7698924541473389
622 0.3202022612094879 0.029317447915673256
623 0.34100672602653503 0.43745869398117065
624 0.8883677124977112 0.5179246068000793
625 0.5597450137138367 0.5571380257606506
626 0.31153228878974915 0.3700464963912964
627 0.9309790730476379 0.22398871183395386
628 0.9751763939857483 0.21847867965698242
629 0.3000195622444153 0.3365088999271393
630 0.070964016020298 0.5061472058296204
631 0.012885981239378452 0.4980342984199524
632 0.2731248736381531 0.39704811573028564
633 0.9266971349716187 0.5701150894165039
634 0.28210797905921936 0.06294617801904678
635 0.929511547088623 0.23001177608966827
636 0.37016016244888306 0.3632987439632416
637 0.6136767864227295 0.9159674644470215
638 0.08237528055906296 0.5308966636657715
639 0.9549716711044312 0.2640615999698639
640 0.30579107999801636 0.4249415099620819
641 0.33532392978668213 0.07305996119976044
642 0.8999155759811401 0.25315552949905396
643 0.21046851575374603 0.7757997512817383
644 0.3341284990310669 0.3878616690635681
645 0.3037777841091156 0.10683128982782364
646 0.2717536687850952 0.14164192974567413
647 0.3435504138469696 0.02276933379471302
648 0.33168867230415344 0.07354102283716202
649 0.6416688561439514 0.1456148326396942
650 0.6078339219093323 0.5839954614639282
651 0.8583728671073914 0.8116318583488464
652 0.03310295566916466 0.4941510558128357
653 0.9320124983787537 0.17225974798202515
654 0.3144127130508423 0.430245965719223
655 0.2992520034313202 0.389688640832901
656 0.35597553849220276 0.4051910936832428
657 0.9555615782737732 0.543679416179657
658 0.8726139068603516 0.5509589314460754
659 0.6115089654922485 0.6018601655960083
660 0.6071627736091614 0.5369429588317871
661 0.5606176853179932 0.8688540458679199
662 0.3462410271167755 0.39438876509666443
663 0.5292907357215881 0.8622600436210632
664 0.9071701765060425 0.4808540344238281
665 0.8621045351028442 0.8580011129379272
666 0.5591055154800415 0.5140921473503113
667 0.9354441165924072 0.4994382858276367
668 0.9605380296707153 0.17758820950984955
669 0.9240733981132507 0.1997668743133545
670 0.602900505065918 0.16474033892154694
671 0.9937031865119934 0.21122105419635773
672 0.5057942271232605 0.9260237812995911
673 0.6181889176368713 0.1125614270567894
674 0.3078804910182953 0.7985311150550842
675 0.3609470725059509 0.34368669986724854
676 0.6674376130104065 0.14645051956176758
677 0.9299125075340271 0.18621209263801575
678 0.8967798948287964 0.5182837247848511
679 0.8946616053581238 0.8437117338180542
680 0.29017511010169983 0.3998282253742218
681 0.31625109910964966 0.43537476658821106
682 0.8930556774139404 0.5722463726997375
683 0.019280994310975075 0.48423048853874207
684 0.39302635192871094 0.05577601492404938
685 0.5340428948402405 0.8673329949378967
686 0.0593898706138134 0.5372545719146729
687 0.3424057066440582 0.3557588458061218
688 0.3428517282009125 0.040578387677669525
689 0.8845352530479431 0.5940139293670654
690 0.5985389947891235 0.5873514413833618
691 0.5257295966148376 0.848052978515625
692 0.06280785799026489 0.4878743886947632
693 0.8970291018486023 0.48889949917793274
694 0.5609413385391235 0.5578466653823853
695 0.5434460043907166 0.8659154772758484
696 0.9111238121986389 0.5186062455177307
697 0.955485463142395 0.18520528078079224
698 0.09418607503175735 0.5271535515785217
699 0.9080573320388794 0.8227680921554565
700 0.386880099773407 0.39133313298225403
701 0.9013532996177673 0.8275498151779175
702 0.08631271123886108 0.5435826778411865
703 0.016663843765854836 0.5012211203575134
704 0.9079512357711792 0.8511789441108704
705 0.3104861080646515 0.40910834074020386
706 0.6712163686752319 0.1940826177597046
707 0.8873411417007446 0.4939042627811432
708 0.07263673841953278 0.477536141872406
709 0.3308202922344208 0.4273027777671814
710 0.3203010857105255 0.44349437952041626
711 0.5264087915420532 0.8949762582778931
712 0.314471960067749 0.42842787504196167
713 0.5420249104499817 0.9435122609138489
714 0.5934454798698425 0.8669072389602661
715 0.8841313123703003 0.7871644496917725
716 0.8750072121620178 0.793885350227356
717 0.8187713027000427 0.8442651629447937
718 0.567821204662323 0.9273090362548828
719 0.6153737902641296 0.15696029365062714
720 0.28512194752693176 0.7848042845726013
721 0.9073587656021118 0.19826951622962952
722 0.9671397805213928 0.5448811054229736
723 0.3132092356681824 0.09158729016780853
724 0.5864487886428833 0.5350528359413147
725 0.6768441796302795 0.1892947405576706
726 0.2905851900577545 0.3862350583076477
727 0.6678802371025085 0.2350347340106964
728 0.918569028377533 0.5752459764480591
729 0.9665805101394653 0.2143627107143402
730 0.28943559527397156 0.4262394309043884
731 0.9235043525695801 0.5355110168457031
732 0.3530188798904419 0.04629284143447876
733 0.3453960716724396 0.07267124950885773
734 0.8768290877342224 0.8237457871437073
735 0.29582637548446655 0.35673853754997253
736 0.9299984574317932 0.557026207447052
737 0.07650334388017654 0.5477461814880371
738 0.3235156536102295 0.790629506111145
739 0.8821396231651306 0.5070657730102539
740 0.5623751282691956 0.8994544744491577
741 0.02389669045805931 0.5517216920852661
742 0.5103735327720642 0.9240882396697998
743 0.935019850730896 0.8019317984580994
744 0.8855132460594177 0.23835128545761108
745 0.8891656398773193 0.5299351215362549
746 0.34479907155036926 0.36438578367233276
747 0.33332982659339905 0.35056084394454956
748 0.3005373477935791 0.09490018337965012
749 0.3213123381137848 0.7585446238517761
750 0.5665382742881775 0.9190232753753662
751 0.2701456844806671 0.047392506152391434
752 0.3014161288738251 0.8363832831382751
753 0.9055907130241394 0.5024232864379883
754 0.9221941232681274 0.21965880692005157
755 0.6395203471183777 0.1691921353340149
756 0.9445686936378479 0.17218808829784393
757 0.2852843403816223 0.7806829214096069
758 0.2968691289424896 0.07369604706764221
759 0.38445135951042175 0.39900869131088257
760 0.5190380811691284 0.8984146118164062
761 0.5381588339805603 0.9586133360862732
762 0.9192497134208679 0.22468867897987366
763 0.6886972784996033 0.21384873986244202
764 0.9285896420478821 0.25248587131500244
765 0.6720414757728577 0.2550688683986664
766 0.33854958415031433 0.05726412311196327
767 0.06651238352060318 0.5316184163093567
768 0.9236140847206116 0.7736421227455139
769 0.5195661187171936 0.8622778654098511
770 0.953713059425354 0.514228343963623
771 0.37109869718551636 0.42190131545066833
772 0.6109646558761597 0.8538197875022888
773 0.29734817147254944 0.8044606447219849
774 0.5945921540260315 0.23853033781051636
775 0.26512300968170166 0.7952477931976318
776 0.09005288779735565 0.5444626212120056
777 0.5060978531837463 0.8907140493392944
778 0.6330302357673645 0.2516752779483795
779 0.10540489107370377 0.5358760356903076
780 0.5352250933647156 0.8509254455566406
781 0.2738073766231537 0.7880844473838806
782 0.5892128348350525 0.6058589816093445
783 0.25354257225990295 0.797148585319519
784 0.2639005184173584 0.06785591691732407
785 0.3335489332675934 0.0793280154466629
786 0.62070232629776 0.8901357054710388
787 0.9056767821311951 0.46950677037239075
788 0.3196948766708374 0.11815832555294037
789 0.6924511194229126 0.19191613793373108
790 0.9203710556030273 0.2646638751029968
791 0.9204810857772827 0.7953014373779297
792 0.28885123133659363 0.0981205403804779
793 0.31699347496032715 0.06382303684949875
794 0.5520517230033875 0.9334728121757507
795 0.3494381308555603 0.37968337535858154
796 0.6089886426925659 0.15060843527317047
797 0.6076358556747437 0.5661755204200745
798 0.332988440990448 0.31499287486076355
799 0.5144166946411133 0.9053400754928589
800 0.5771489143371582 0.9019287824630737
801 0.29933294653892517 0.40081295371055603
802 0.3311574459075928 0.3683149218559265
803 0.5676299333572388 0.9396200776100159
804 0.6372195482254028 0.2584478557109833
805 0.8993609547615051 0.21446236968040466
806 0.2790739834308624 0.781866192817688
807 0.26724714040756226 0.7552430033683777
808 0.5880491733551025 0.5764522552490234
809 0.9840753674507141 0.22223804891109467
810 0.040806595236063004 0.5472864508628845
811 0.8716731667518616 0.8083049654960632
812 0.5846525430679321 0.8555347919464111
813 0.6252299547195435 0.16770221292972565
814 0.8362313508987427 0.8072464466094971
815 0.3147727847099304 0.3598988652229309
816 0.25540977716445923 0.7685553431510925
817 0.6276518106460571 0.6106350421905518
818 0.505043089389801 0.925325334072113
819 0.22909730672836304 0.779941737651825
820 0.6316592693328857 0.1798359453678131
821 0.9133667945861816 0.277660608291626
822 0.9075222015380859 0.7876216769218445
823 0.5863433480262756 0.18609406054019928
824 0.9068505764007568 0.5377589464187622
825 0.6287606358528137 0.17212356626987457
826 0.5868041515350342 0.8414144515991211
827 0.3622669577598572 0.02214217558503151
828 0.053311217576265335 0.4957014322280884
829 0.9559803605079651 0.23147964477539062
830 0.9284629225730896 0.8349959850311279
831 0.23527413606643677 0.7643566727638245
832 0.5854723453521729 0.20532314479351044
833 0.2687952220439911 0.7916712760925293
834 0.3746034502983093 0.45578840374946594
835 0.5985064506530762 0.909543514251709
836 0.5566167235374451 0.937487006187439
837 0.5773800611495972 0.2645130753517151
838 0.8823518753051758 0.791552722454071
839 0.008469253778457642 0.5349940061569214
840 0.5787046551704407 0.909252405166626
841 0.5412669777870178 0.952603816986084
842 0.23676593601703644 0.8054819107055664
843 0.3258437514305115 0.7231292128562927
844 0.38452082872390747 0.34804052114486694
845 0.933914065361023 0.20868848264217377
846 0.9265579581260681 0.4896770715713501
847 0.8866161108016968 0.8291575908660889
848 1.0 0.21121017634868622
849 0.07749497145414352 0.5673414468765259
850 0.5724650025367737 0.509016215801239
851 0.09366289526224136 0.5002158284187317
852 0.5928113460540771 0.5155181884765625
853 0.23033569753170013 0.7907049655914307
854 0.2397330105304718 0.7558481097221375
855 0.6089943051338196 0.22472858428955078
856 0.9118806719779968 0.23846490681171417
857 0.37314626574516296 0.3548606038093567
858 0.5530622005462646 0.9337370991706848
859 0.09757675230503082 0.58192378282547
860 0.3326662480831146 0.05539700388908386
861 0.31791719794273376 0.047060590237379074
862 0.5872504711151123 0.8645891547203064
863 0.9124974608421326 0.8610946536064148
864 0.9212840795516968 0.16065794229507446
865 0.9288222789764404 0.8557941913604736
866 0.6388980746269226 0.2221410721540451
867 0.8633147478103638 0.7941786050796509
868 0.5947669148445129 0.2242203950881958
869 0.9066202044487 0.18977703154087067
870 0.5792640447616577 0.24526400864124298
871 0.9229668974876404 0.2522088885307312
872 0.5963327884674072 0.15971390902996063
873 0.9182415008544922 0.5039952993392944
874 0.5846115350723267 0.17273792624473572
875 0.8547307252883911 0.802739143371582
876 0.33956199884414673 0.10953009128570557
877 0.263056218624115 0.08382757008075714
878 0.2978326976299286 0.06205884739756584
879 0.8542936444282532 0.8630332350730896
880 0.9152231216430664 0.5500831007957458
881 0.35183408856391907 0.04463385418057442
882 0.06936083734035492 0.48761817812919617
883 0.8817956447601318 0.847504734992981
884 0.31576210260391235 0.7339188456535339
885 0.935572624206543 0.5125053524971008
886 0.28217145800590515 0.7346078157424927
887 0.6908479928970337 0.19546037912368774
888 0.9640482068061829 0.5477542877197266
889 0.9308892488479614 0.2500903606414795
890 0.8524459600448608 0.8457344174385071
891 0.9602696895599365 0.1711912453174591
892 0.9302619099617004 0.8455736041069031
893 0.3982350826263428 0.3666835129261017
894 0.9155293107032776 0.49004605412483215
895 0.8981963992118835 0.19652825593948364
896 0.8554564714431763 0.7978813648223877
897 0.5225926041603088 0.9238852858543396
898 0.9120208621025085 0.777421772480011
899 0.08873244374990463 0.49699705839157104
900 0.08663265407085419 0.508209764957428
901 0.2640548348426819 0.7719339728355408
902 0.05007503181695938 0.4824763536453247
903 0.5534244179725647 0.18148483335971832
904 0.3485149145126343 0.10591275990009308
905 0.2705458402633667 0.7506839632987976
906 0.3214050829410553 0.7668891549110413
907 0.6014010310173035 0.9004330635070801
908 0.5882120132446289 0.943589448928833
909 0.9360941648483276 0.5709819793701172
910 0.36571088433265686 0.05262784659862518
911 0.31578782200813293 0.7399659156799316
912 0.3123669922351837 0.7415093183517456
913 0.2928139269351959 0.048548512160778046
914 0.3172386586666107 0.33576932549476624
915 0.8710319995880127 0.8359302878379822
916 0.09084928780794144 0.5070258378982544
917 0.600556492805481 0.5326855778694153
918 0.6093602776527405 0.5158653259277344
919 0.5362962484359741 0.576356053352356
920 0.10458358377218246 0.5174219012260437
921 0.3047181963920593 0.35109788179397583
922 0.3786081373691559 0.10092601925134659
923 0.5207302570343018 0.8697863817214966
924 0.6248438358306885 0.9278226494789124
925 0.033821847289800644 0.5441495180130005
926 0.2798207402229309 0.08223097026348114
927 0.5863955616950989 0.15207962691783905
928 0.2677845358848572 0.7512907981872559
929 0.9063848853111267 0.5625091791152954
930 0.918184220790863 0.17857356369495392
931 0.3255968689918518 0.08827228844165802
932 0.8572187423706055 0.8656041026115417
933 0.27010291814804077 0.8153456449508667
934 0.02033773437142372 0.5443367958068848
935 0.9410138130187988 0.5504060983657837
936 0.6773660182952881 0.18565648794174194
937 0.30776894092559814 0.41896045207977295
938 0.5953827500343323 0.8876934051513672
939 0.6024026274681091 0.22047680616378784
940 0.5647668838500977 0.5365942716598511
941 0.37821462750434875 0.3886246979236603
942 0.8516876101493835 0.8538643717765808
943 0.3699089288711548 0.07136157900094986
944 0.8783504366874695 0.21701717376708984
945 0.6316630244255066 0.23015196621418
946 0.9397081732749939 0.5691075921058655
947 0.33756279945373535 0.39318928122520447
948 0.26854848861694336 0.8140250444412231
949 0.913340151309967 0.8562929630279541
950 0.32638728618621826 0.7588228583335876
951 0.5443227291107178 0.5528004169464111
952 0.6194847226142883 0.16385886073112488
953 0.9499413371086121 0.2648871839046478
954 0.07967142015695572 0.5386343002319336
955 0.6112996339797974 0.5883803367614746
956 0.5483525991439819 0.5578345060348511
957 0.5433573126792908 0.8555426597595215
958 0.6035593748092651 0.9363119602203369
959 0.6220945715904236 0.1504579335451126
960 0.039238810539245605 0.5130132436752319
961 0.36240240931510925 0.37747564911842346
962 0.08967628329992294 0.5245329141616821
963 0.8683055639266968 0.4939107596874237
964 0.8711442351341248 0.540190577507019
965 0.6391587257385254 0.23514974117279053
966 0.6102476716041565 0.5761341452598572
967 0.8859418034553528 0.5498610138893127
968 0.0912579670548439 0.556128740310669
969 0.5578565001487732 0.9117777347564697
970 0.6511075496673584 0.1788867861032486
971 0.23098249733448029 0.821492075920105
972 0.2744158208370209 0.08720063418149948
973 0.5350286364555359 0.86095130443573
974 0.8343333005905151 0.8515380024909973
975 0.9426667094230652 0.21392527222633362
976 0.38105711340904236 0.08016349375247955
977 0.8616939783096313 0.5100948810577393
978 0.9175500273704529 0.18442153930664062
979 0.6246918439865112 0.5887970328330994
980 0.10593206435441971 0.5076250433921814
981 0.08154792338609695 0.5006585717201233
982 0.360957533121109 0.07200506329536438
983 0.6295976638793945 0.5378120541572571
984 0.6628112196922302 0.2083534300327301
985 0.9546389579772949 0.5291473865509033
986 0.31171950697898865 0.016020487993955612
987 0.22336842119693756 0.7691364288330078
988 0.981940746307373 0.22070357203483582
989 0.04731461778283119 0.5531834363937378
990 0.945694088935852 0.2748049795627594
991 0.04221866652369499 0.5303036570549011
992 0.32232746481895447 0.7761942744255066
993 0.9047715067863464 0.5696462392807007
994 0.6877741813659668 0.22762930393218994
995 0.9104240536689758 0.5650186538696289
996 0.5860840082168579 0.5241201519966125
997 0.8791003823280334 0.8641879558563232
998 0.24317899346351624 0.7709611654281616
999 0.6164302825927734 0.869047999382019
1000 0.08140893280506134 0.5429463386535645
1001 0.33698317408561707 0.36082127690315247
1002 0.9327727556228638 0.21297217905521393
1003 0.03657311946153641 0.4806099534034729
1004 0.5882569551467896 0.4880537986755371
1005 0.572685956954956 0.19609613716602325
1006 0.5716496109962463 0.8616764545440674
1007 0.2762707471847534 0.7332345843315125
1008 0.9245746731758118 0.2460840940475464
1009 0.3352932929992676 0.42028144001960754
1010 0.3378088176250458 0.37003180384635925
1011 0.6452972292900085 0.1677456498146057
1012 0.29608938097953796 0.8474423885345459
1013 0.5839076042175293 0.5401759147644043
1014 0.6097556948661804 0.9244120717048645
1015 0.1066211462020874 0.48430827260017395
1016 0.31770727038383484 0.397327184677124
1017 0.852220892906189 0.8701710104942322
1018 0.6550224423408508 0.14712485671043396
1019 0.6303537487983704 0.5717394948005676
1020 0.22350095212459564 0.7664467096328735
1021 0.3655358552932739 0.1478978991508484
1022 0.5883574485778809 0.8489857912063599
1023 0.6674451231956482 0.15842708945274353
1024 0.6196484565734863 0.16797056794166565
1025 0.8386386632919312 0.8241996765136719
1026 0.6457505226135254 0.18224410712718964
1027 0.3271370828151703 0.11368231475353241
1028 0.31988468766212463 0.8027605414390564
1029 0.8468490839004517 0.8064958453178406
1030 0.26962709426879883 0.08271384984254837
1031 0.34085679054260254 0.03697714954614639
1032 0.6031414270401001 0.8648605942726135
1033 0.5984267592430115 0.21870213747024536
1034 0.2960999011993408 0.7176119685173035
1035 0.30613335967063904 0.7878480553627014
1036 0.29338157176971436 0.7371835708618164
1037 0.6036500930786133 0.15060830116271973
1038 0.11774809658527374 0.5238038301467896
1039 0.04154499992728233 0.5179623961448669
1040 0.6523035168647766 0.19405671954154968
1041 0.23412668704986572 0.7873390913009644
1042 0.5874360799789429 0.1622437685728073
1043 0.9180898070335388 0.8087382912635803
1044 0.9308334589004517 0.7831560969352722
1045 0.9893547892570496 0.26354503631591797
1046 0.5661546587944031 0.9075780510902405
1047 0.2998120188713074 0.055360838770866394
1048 0.5649805665016174 0.5271718502044678
1049 0.27111899852752686 0.07196144759654999
1050 0.9571178555488586 0.26715216040611267
1051 0.04250369966030121 0.49817904829978943
1052 0.8887319564819336 0.2401197999715805
1053 0.5688983201980591 0.5211692452430725
1054 0.3424561619758606 0.014650972560048103
1055 0.6026721596717834 0.2085345834493637
1056 0.9190925359725952 0.815209150314331
1057 0.05637318268418312 0.5339337587356567
1058 0.8904398083686829 0.22732535004615784
1059 0.2920556962490082 0.39422905445098877
1060 0.3219338357448578 0.44385284185409546
1061 0.2430054396390915 0.8070124983787537
1062 0.2757270932197571 0.8094983696937561
1063 0.3383922576904297 0.020565781742334366
1064 0.2713625133037567 0.7951322793960571
1065 0.32562240958213806 0.3383704423904419
1066 0.9431073665618896 0.7997039556503296
1067 0.33205145597457886 0.11381512880325317
1068 0.03464032709598541 0.49403372406959534
1069 0.5466989874839783 0.9555671811103821
1070 0.3012489378452301 0.7939159274101257
1071 0.5812577605247498 0.8585435748100281
1072 0.604468822479248 0.18359804153442383
1073 0.09313521534204483 0.5622848868370056
1074 0.5240532159805298 0.644660472869873
1075 0.6201850175857544 0.1922737956047058
1076 0.3713676631450653 0.3726792633533478
1077 0.2894849181175232 0.07651378959417343
1078 0.3191031217575073 0.38140833377838135
1079 0.5497671365737915 0.5497016310691833
1080 0.0 0.5283200740814209
1081 0.9595127105712891 0.16908487677574158
1082 0.6239230632781982 0.17950354516506195
1083 0.3094695508480072 0.40276628732681274
1084 0.9559182524681091 0.5007405877113342
1085 0.5849431753158569 0.5313603281974792
1086 0.27791404724121094 0.3755166232585907
1087 0.6081065535545349 0.5280661582946777
1088 0.8953633308410645 0.8629751205444336
1089 0.8765884637832642 0.22067825496196747
1090 0.8531961441040039 0.818088710308075
1091 0.3810971677303314 0.4149509072303772
1092 0.9228852391242981 0.22173015773296356
1093 0.02871076390147209 0.4958694279193878
1094 0.2952324450016022 0.3908279836177826
1095 0.9227483868598938 0.7884476780891418
1096 0.2984141409397125 0.8180573582649231
1097 0.562556266784668 0.6071714162826538
1098 0.2713177502155304 0.739453911781311
1099 0.32166755199432373 0.037600137293338776
1100 0.9538975954055786 0.794880747795105
1101 0.6193085312843323 0.25142544507980347
1102 0.5872081518173218 0.6206509470939636
1103 0.29919159412384033 0.37411341071128845
1104 0.3628644049167633 0.09596128016710281
1105 0.3511200249195099 0.09227685630321503
1106 0.554872989654541 0.9568347334861755
1107 0.3442201614379883 0.04611188918352127
1108 0.07638178020715714 0.49043402075767517
1109 0.9290322661399841 0.49796244502067566
1110 0.293365478515625 0.4073346257209778
1111 0.9510735869407654 0.5370199084281921
1112 0.9556319713592529 0.4960736036300659
1113 0.6154308915138245 0.581660807132721
1114 0.5955984592437744 0.2279476672410965
1115 0.6311402320861816 0.15097670257091522
1116 0.6797353625297546 0.2212304323911667
1117 0.8868751525878906 0.18249858915805817
1118 0.2945977747440338 0.7566663026809692
1119 0.36472564935684204 0.0979245975613594
1120 0.8858327269554138 0.836858332157135
1121 0.3031340539455414 0.41927048563957214
1122 0.8823878169059753 0.8358898758888245
1123 0.8507964611053467 0.5391701459884644
1124 0.06648479402065277 0.5432516932487488
1125 0.2794226109981537 0.7466822266578674
1126 0.9210378527641296 0.1921045035123825
1127 0.31299930810928345 0.36426520347595215
1128 0.07768592238426208 0.46960213780403137
1129 0.9339392781257629 0.2722283899784088
1130 0.986599326133728 0.22411201894283295
1131 0.5534115433692932 0.8568742275238037
1132 0.36373066902160645 0.42739102244377136
1133 0.844752311706543 0.8491060733795166
1134 0.6308445930480957 0.8771784901618958
1135 0.9707384705543518 0.21339194476604462
1136 0.541204035282135 0.5609835386276245
1137 0.9226190447807312 0.5194891691207886
1138 0.974596381187439 0.19117911159992218
1139 0.9460960626602173 0.5502049326896667
1140 0.6688045263290405 0.18534456193447113
1141 0.3587716817855835 0.34656330943107605
1142 0.03135918825864792 0.513705313205719
1143 0.25855210423469543 0.06793257594108582
1144 0.10281890630722046 0.5031549334526062
1145 0.5941371321678162 0.9533978700637817
1146 0.29722943902015686 0.42089489102363586
1147 0.9152654409408569 0.8030888438224792
1148 0.675218939781189 0.22681434452533722
1149 0.9317494630813599 0.22452868521213531
1150 0.32842445373535156 0.10093716531991959
1151 0.5199122428894043 0.8483218550682068
1152 0.9377579689025879 0.5439618825912476
1153 0.596019446849823 0.8799731135368347
1154 0.5582818984985352 0.8729871511459351
1155 0.8683527112007141 0.799764096736908
1156 0.8869182467460632 0.769862174987793
1157 0.33297276496887207 0.02511551044881344
1158 0.25039470195770264 0.7736892700195312
1159 0.9985254406929016 0.2150038629770279
1160 0.26241135597229004 0.808272123336792
1161 0.9345404505729675 0.2300955355167389
1162 0.939398467540741 0.23272722959518433
1163 0.024499258026480675 0.5105130076408386
1164 0.9681772589683533 0.21098758280277252
1165 0.9788376688957214 0.19330647587776184
1166 0.5916028618812561 0.8163775205612183
1167 0.3134766221046448 0.8295567035675049
1168 0.3399791121482849 0.06972210109233856
1169 0.25310179591178894 0.8071215748786926
1170 0.6433283090591431 0.2137410193681717
1171 0.3508965075016022 0.3735523819923401
1172 0.35525333881378174 0.4174584150314331
1173 0.36479562520980835 0.4164700210094452
1174 0.3701918125152588 0.05474589765071869
1175 0.06798993051052094 0.5634901523590088
1176 0.25848737359046936 0.7808377742767334
1177 0.6193434000015259 0.25797006487846375
1178 0.9780339598655701 0.2574950158596039
1179 0.9119861125946045 0.5361899137496948
1180 0.9028766751289368 0.8344096541404724
1181 0.920711874961853 0.5136080384254456
1182 0.06698969751596451 0.5191231966018677
1183 0.27307114005088806 0.7524741888046265
1184 0.936896562576294 0.5362052321434021
1185 0.6675131320953369 0.19278313219547272
1186 0.8606493473052979 0.8197583556175232
1187 0.8748124837875366 0.7689149975776672
1188 0.8801372647285461 0.4855462312698364
1189 0.09391975402832031 0.5292437672615051
1190 0.8715016841888428 0.7762929797172546
1191 0.6344822645187378 0.16131296753883362
1192 0.27617335319519043 0.0735986977815628
1193 0.24838706851005554 0.8118636012077332
1194 0.36014899611473083 0.09212608635425568
1195 0.5568417310714722 0.8430572748184204
1196 0.6401273012161255 0.5404713749885559
1197 0.3311941623687744 0.4458816945552826
1198 0.8941588401794434 0.7751975655555725
1199 0.6589513421058655 0.230091392993927
1200 0.29807671904563904 0.08575338870286942
1201 0.5800724625587463 0.20860305428504944
1202 0.29499444365501404 0.037539463490247726
1203 0.2998906373977661 0.8135649561882019
1204 0.23039449751377106 0.8366098403930664
1205 0.6089400053024292 0.9676643013954163
1206 0.09006918966770172 0.4940585792064667
1207 0.2340192347764969 0.8179987072944641
1208 0.559718132019043 0.916553795337677
1209 0.8927829265594482 0.809829592704773
1210 0.2735758125782013 0.037525564432144165
1211 0.04133982956409454 0.532072126865387
1212 0.904975175857544 0.5367001891136169
1213 0.6358170509338379 0.16518040001392365
1214 0.8869782090187073 0.26194316148757935
1215 0.9211902022361755 0.5434786677360535
1216 0.8935980200767517 0.7796040177345276
1217 0.6568521857261658 0.22851283848285675
1218 0.02910650707781315 0.5305569171905518
1219 0.28575506806373596 0.8035204410552979
1220 0.6341125965118408 0.1163049191236496
1221 0.21761992573738098 0.7671220898628235
1222 0.6500019431114197 0.14138731360435486
1223 0.6622058749198914 0.17964069545269012
1224 0.28275835514068604 0.7288605570793152
1225 0.6062984466552734 0.8371192812919617
1226 0.8925521969795227 0.8803870677947998
1227 0.3690926730632782 0.3773021101951599
1228 0.2577941417694092 0.7376605272293091
1229 0.2395998239517212 0.8218826651573181
1230 0.2718701660633087 0.0573841892182827
1231 0.8905857801437378 0.5525223016738892
1232 0.299182265996933 0.10374903678894043
1233 0.09786002337932587 0.5329509377479553
1234 0.36415895819664 0.035724490880966187
1235 0.9565126895904541 0.26904815435409546
1236 0.5542557835578918 0.8970509171485901
1237 0.5797909498214722 0.2015509456396103
1238 0.36433544754981995 0.10966774821281433
1239 0.3546847403049469 0.055420923978090286
1240 0.2521795928478241 0.7246673107147217
1241 0.9183698296546936 0.529843807220459
1242 0.5456767678260803 0.913409948348999
1243 0.6209561228752136 0.5190900564193726
1244 0.8555992841720581 0.7880199551582336
1245 0.5837693810462952 0.9713021516799927
1246 0.35267382860183716 0.09234747290611267
1247 0.9617720246315002 0.5040506720542908
1248 0.6156591176986694 0.15497779846191406
1249 0.95420241355896 0.18973392248153687
1250 0.5431866645812988 0.9361448287963867
1251 0.8927764296531677 0.22318913042545319
1252 0.5618494749069214 0.8949941396713257
1253 0.35658469796180725 0.08920834213495255
1254 0.3493882119655609 0.06523425132036209
1255 0.6250666975975037 0.8979411125183105
1256 0.8723562359809875 0.7887861132621765
1257 0.28585344552993774 0.03656633198261261
1258 0.9565110206604004 0.18390129506587982
1259 0.3011607229709625 0.7497037053108215
1260 0.2928624153137207 0.09846761077642441
1261 0.5604842901229858 0.9137295484542847
1262 0.10493463277816772 0.5237658619880676
1263 0.6067531704902649 0.5113762617111206
1264 0.9639601111412048 0.5390487909317017
1265 0.035153087228536606 0.49669256806373596
1266 0.3177244961261749 0.7959867119789124
1267 0.8632964491844177 0.7905064821243286
1268 0.08166927099227905 0.5048703551292419
1269 0.3304833769798279 0.0
1270 0.07654151320457458 0.5755738615989685
1271 0.5821098685264587 0.23404766619205475
1272 0.5661839246749878 0.23748865723609924
1273 0.637355387210846 0.9227579236030579
1274 0.25769492983818054 0.8349973559379578
1275 0.09321529418230057 0.5193638801574707
1276 0.8910616040229797 0.8247396349906921
1277 0.3292872905731201 0.030583631247282028
1278 0.3832976222038269 0.38542836904525757
1279 0.580044150352478 0.8771801590919495
1280 0.6170175075531006 0.1652527004480362
1281 0.5652458071708679 0.887101948261261
1282 0.27702242136001587 0.10489579290151596
1283 0.35117611289024353 0.7619695663452148
1284 0.08376441150903702 0.5148959159851074
1285 0.6082848906517029 0.5950708389282227
1286 0.9518194198608398 0.24664555490016937
1287 0.2858714163303375 0.05605102330446243
1288 0.955858051776886 0.5511708855628967
1289 0.888798177242279 0.7771588563919067
1290 0.8530465960502625 0.7825962901115417
1291 0.9538570642471313 0.5307437181472778
1292 0.9536967277526855 0.2571128308773041
1293 0.6130194067955017 0.2376347780227661
1294 0.6078281402587891 0.22531017661094666
1295 0.29104602336883545 0.09226624667644501
1296 0.3139137625694275 0.7856926321983337
1297 0.9716097116470337 0.26014915108680725
1298 0.9446965456008911 0.840847373008728
1299 0.09171919524669647 0.5057641863822937
1300 0.9184626340866089 0.8476642370223999
1301 0.30018094182014465 0.7684286832809448
1302 0.9209691286087036 0.21878477931022644
1303 0.3408155143260956 0.35019540786743164
1304 0.9689936637878418 0.536797285079956
1305 0.917050302028656 0.7653708457946777
1306 0.33401188254356384 0.004946914967149496
1307 0.3634467124938965 0.0652114525437355
1308 0.046114616096019745 0.519461452960968
1309 0.6450263857841492 0.1886230856180191
1310 0.8428434729576111 0.8168337941169739
1311 0.8275704979896545 0.8540653586387634
1312 0.24525873363018036 0.7774738073348999
1313 0.26359304785728455 0.816670835018158
1314 0.8751974701881409 0.5075352191925049
1315 0.5964502692222595 0.5539909601211548
1316 0.22814753651618958 0.8058303594589233
1317 0.6218842267990112 0.564333438873291
1318 0.5737490057945251 0.22159795463085175
1319 0.3357650935649872 0.3578662872314453
1320 0.9690964818000793 0.24460196495056152
1321 0.3411356210708618 0.0068418607115745544
1322 0.06815730780363083 0.4573441743850708
1323 0.5370066165924072 0.8885770440101624
1324 0.5751602053642273 0.9555304050445557
1325 0.8780725598335266 0.5560558438301086
1326 0.24670405685901642 0.77879399061203
1327 0.5866742134094238 0.22705478966236115
1328 0.9395331740379333 0.19496853649616241
1329 0.3238459825515747 0.7474119663238525
1330 0.26788151264190674 0.7216742038726807
1331 0.5756464004516602 0.9519350528717041
1332 0.6034562587738037 0.12748238444328308
1333 0.30309274792671204 0.08029363304376602
1334 0.6064749956130981 0.8965367674827576
1335 0.9787001609802246 0.2095564901828766
1336 0.3114721179008484 0.815246045589447
1337 0.5638442039489746 0.5934267640113831
1338 0.3511388599872589 0.019953643903136253
1339 0.8591123819351196 0.5109290480613708
1340 0.950370192527771 0.5562118291854858
1341 0.8685945868492126 0.556950032711029
1342 0.28563806414604187 0.39112192392349243
1343 0.8911520838737488 0.5953642725944519
1344 0.6521750092506409 0.20754629373550415
1345 0.014565067365765572 0.5355318188667297
1346 0.5821847915649414 0.5136625170707703
1347 0.5913620591163635 0.9309403300285339
1348 0.8832277059555054 0.5527077913284302
1349 0.03480967879295349 0.46979159116744995
1350 0.9487738609313965 0.2521918714046478
1351 0.32893896102905273 0.7207226753234863
1352 0.8833296895027161 0.784826934337616
1353 0.5867854356765747 0.5802123546600342
1354 0.5311117172241211 0.5418645739555359
1355 0.5838813781738281 0.5295045375823975
1356 0.2980857789516449 0.08366629481315613
1357 0.619002103805542 0.17425139248371124
1358 0.8881111145019531 0.8598213195800781
1359 0.9733191728591919 0.23871105909347534
1360 0.2956446707248688 0.39368268847465515
1361 0.2830687165260315 0.07206416130065918
1362 0.590315043926239 0.8908339142799377
1363 0.9140898585319519 0.5071235299110413
1364 0.6157487630844116 0.2419080287218094
1365 0.31455862522125244 0.06798122078180313
1366 0.2776470482349396 0.3844994306564331
1367 0.9132492542266846 0.5413784384727478
1368 0.6831746697425842 0.21830126643180847
1369 0.963340163230896 0.17825324833393097
1370 0.3679688572883606 0.4067957103252411
1371 0.9661283493041992 0.20235446095466614
1372 0.6579495668411255 0.8978602886199951
1373 0.07439146935939789 0.4810200333595276
1374 0.9418997764587402 0.22428983449935913
1375 0.9212632179260254 0.48047417402267456
1376 0.5660200715065002 0.5932085514068604
1377 0.9193344116210938 0.5507479906082153
1378 0.29941293597221375 0.3872174024581909
1379 0.8657633066177368 0.7984175682067871
1380 0.3039713501930237 0.02592848613858223
1381 0.9396384358406067 0.5645808577537537
1382 0.32883018255233765 0.3677476644515991
1383 0.909101128578186 0.8660479784011841
1384 0.035662319511175156 0.48978328704833984
1385 0.5805810689926147 0.5833396315574646
1386 0.22589541971683502 0.7920635938644409
1387 0.8643550276756287 0.8600406646728516
1388 0.05223298817873001 0.556574285030365
1389 0.345620721578598 0.03226389363408089
1390 0.5422429442405701 0.9513934254646301
1391 0.05706673488020897 0.5594967007637024
1392 0.6255935430526733 0.13788381218910217
1393 0.9636691212654114 0.23192927241325378
1394 0.31481504440307617 0.1033901497721672
1395 0.29562079906463623 0.7910438776016235
1396 0.9595349431037903 0.28038331866264343
1397 0.3647478222846985 0.12541069090366364
1398 0.3290264308452606 0.8178194761276245
1399 0.906599760055542 0.8191554546356201
1400 0.31496089696884155 0.11147480458021164
1401 0.6142855882644653 0.5506632328033447
1402 0.351293683052063 0.03534911200404167
1403 0.6291452050209045 0.23322898149490356
1404 0.5719773769378662 0.8809059262275696
1405 0.6062980890274048 0.534394383430481
1406 0.3350183069705963 0.11726121604442596
1407 0.02137640304863453 0.5013749003410339
1408 0.547204852104187 0.9207707047462463
1409 0.24641212821006775 0.7453139424324036
1410 0.6198700666427612 0.5358445644378662
1411 0.2470466047525406 0.7569030523300171
1412 0.5975669026374817 0.49928420782089233
1413 0.062147557735443115 0.46039560437202454
1414 0.8979204893112183 0.18903271853923798
1415 0.5727034211158752 0.5910677313804626
1416 0.942244291305542 0.25987014174461365
1417 0.6630250215530396 0.15664853155612946
1418 0.2398659884929657 0.8076148629188538
1419 0.2896575629711151 0.05008310452103615
1420 0.2847357392311096 0.37935733795166016
1421 0.2780105173587799 0.8081872463226318
1422 0.36050650477409363 0.4175412654876709
1423 0.8899606466293335 0.5384326577186584
1424 0.36030593514442444 0.06330458074808121
1425 0.32360729575157166 0.06589722633361816
1426 0.3174108564853668 0.7897832989692688
1427 0.9435706734657288 0.5165466070175171
1428 0.6373924612998962 0.14178147912025452
1429 0.5685678124427795 0.20618589222431183
1430 0.9307102560997009 0.7668858766555786
1431 0.9430536031723022 0.25778326392173767
1432 0.6458176374435425 0.2215881496667862
1433 0.5839980244636536 0.5105217099189758
1434 0.5450714826583862 0.8869956135749817
1435 0.6421276330947876 0.5314053893089294
1436 0.9549940824508667 0.2011442482471466
1437 0.28851690888404846 0.7847794890403748
1438 0.674612283706665 0.24916616082191467
1439 0.6755111217498779 0.18003001809120178
1440 0.5583368539810181 0.5152788162231445
1441 0.6323310732841492 0.191096693277359
1442 0.8846328854560852 0.789151132106781
1443 0.30881115794181824 0.022136617451906204
1444 0.32750776410102844 0.03586075082421303
1445 0.6138740181922913 0.26638567447662354
1446 0.3417854905128479 0.02742929197847843
1447 0.8869744539260864 0.5104038119316101
1448 0.38146689534187317 0.3841645121574402
1449 0.9840872287750244 0.21077220141887665
1450 0.9517531991004944 0.2251577377319336
1451 0.5836012959480286 0.23028212785720825
1452 0.9003103375434875 0.2998483180999756
1453 0.3255161643028259 0.34829074144363403
1454 0.5803290605545044 0.5188282132148743
1455 0.3200228810310364 0.4249970316886902
1456 0.5812467336654663 0.5798179507255554
1457 0.23875316977500916 0.7898222208023071
1458 0.9655569791793823 0.19123390316963196
1459 0.10157448053359985 0.5233701467514038
1460 0.5300734639167786 0.9181900024414062
1461 0.073147252202034 0.4720689058303833
1462 0.37565556168556213 0.41194552183151245
1463 0.618935227394104 0.5385652184486389
1464 0.9412499666213989 0.5212778449058533
1465 0.8996109962463379 0.2558419704437256
1466 0.30302226543426514 0.04031270742416382
1467 0.9461507201194763 0.5346046686172485
1468 0.31545108556747437 0.35130852460861206
1469 0.9002444744110107 0.5660873055458069
1470 0.9697017669677734 0.5415189266204834
1471 0.32279694080352783 0.32996228337287903
1472 0.33080121874809265 0.11376018077135086
1473 0.5702727437019348 0.8553095459938049
1474 0.3045560419559479 0.7711630463600159
1475 0.08764031529426575 0.5351738333702087
1476 0.5982227325439453 0.5202801823616028
1477 0.36204221844673157 0.34823447465896606
1478 0.9034658074378967 0.7767734527587891
1479 0.859491229057312 0.838179886341095
1480 0.9047846794128418 0.24959097802639008
1481 0.5658156275749207 0.8916689157485962
1482 0.028287438675761223 0.4854068160057068
1483 0.34737110137939453 0.3341379165649414
1484 0.9106333255767822 0.5845489501953125
1485 0.835285484790802 0.7925087809562683
1486 0.28828465938568115 0.8533643484115601
1487 0.3094574511051178 0.8123547434806824
1488 0.614858865737915 0.8924180269241333
1489 0.5751411318778992 0.5301247835159302
1490 0.6101507544517517 0.951812744140625
1491 0.3248378336429596 0.37061798572540283
1492 0.9627410769462585 0.23827698826789856
1493 0.938464879989624 0.2632456421852112
1494 0.9274489879608154 0.230429545044899
1495 0.6846530437469482 0.2118586152791977
1496 0.9233643412590027 0.20373257994651794
1497 0.5959011316299438 0.5014014840126038
1498 0.6277085542678833 0.5202580690383911
1499 0.9328639507293701 0.8618465662002563
1500 0.676647961139679 0.19077566266059875
1501 0.9024396538734436 0.8511695265769958
1502 0.5908350348472595 0.17866593599319458
1503 0.2523886263370514 0.736295223236084
1504 0.3037131428718567 0.7698342800140381
1505 0.9077040553092957 0.8444306254386902
1506 0.2795639634132385 0.7902856469154358
1507 0.3328917920589447 0.7728155255317688
1508 0.9105426669120789 0.8793757557868958
1509 0.3200712203979492 0.7474918961524963
1510 0.99205082654953 0.19761767983436584
1511 0.8505560159683228 0.8483935594558716
1512 0.06935014575719833 0.5218085050582886
1513 0.31949758529663086 0.34346356987953186
1514 0.9569569230079651 0.25952598452568054
1515 0.6748196482658386 0.2095412015914917
1516 0.8576986193656921 0.8545243740081787
1517 0.10021010041236877 0.5201670527458191
1518 0.9005348682403564 0.18276865780353546
1519 0.9220084547996521 0.8324833512306213
1520 0.8296583890914917 0.8508806824684143
1521 0.07358987629413605 0.47281500697135925
1522 0.8507633209228516 0.8059325814247131
1523 0.9513104557991028 0.5477938652038574
1524 0.34666457772254944 0.3155398666858673
1525 0.8712713718414307 0.820393443107605
1526 0.8632853031158447 0.8238920569419861
1527 0.2924762964248657 0.41957929730415344
1528 0.6622387766838074 0.14311058819293976
1529 0.6622155904769897 0.20060470700263977
1530 0.04168837144970894 0.47880786657333374
1531 0.5960898995399475 0.15221190452575684
1532 0.09441519528627396 0.544721782207489
1533 0.8661198616027832 0.8682234287261963
1534 0.9129907488822937 0.23356294631958008
1535 0.9275687336921692 0.8473213315010071
1536 0.37766239047050476 0.3969438970088959
1537 0.2857888638973236 0.04007936641573906
1538 0.6323007345199585 0.23873163759708405
1539 0.589421272277832 0.5362094044685364
1540 0.5741097331047058 0.5519194602966309
1541 0.9649844765663147 0.22942973673343658
1542 0.24682198464870453 0.7819992899894714
1543 0.6371150612831116 0.5159838795661926
1544 0.5448422431945801 0.8915374875068665
1545 0.2476116269826889 0.8070370554924011
1546 0.9863050580024719 0.21374115347862244
1547 0.6345670819282532 0.15187154710292816
1548 0.3593364953994751 0.36459240317344666
1549 0.6303800344467163 0.548849880695343
1550 0.9191310405731201 0.5424221158027649
1551 0.907781720161438 0.5094988346099854
1552 0.08843351155519485 0.5169906616210938
1553 0.32448169589042664 0.4172775149345398
1554 0.2758340537548065 0.10730323195457458
1555 0.3804381489753723 0.07724722474813461
1556 0.9534329175949097 0.513481616973877
1557 0.5818806886672974 0.4942012131214142
1558 0.34667453169822693 0.41914206743240356
1559 0.620974600315094 0.5315462946891785
1560 0.2537035048007965 0.828330397605896
1561 0.9625071883201599 0.5302765965461731
1562 0.5542819499969482 0.5369933843612671
1563 0.9007685780525208 0.7799804210662842
1564 0.9488967061042786 0.5457716584205627
1565 0.2613442540168762 0.079468734562397
1566 0.048282139003276825 0.5340613722801208
1567 0.9240289926528931 0.870832622051239
1568 0.9276612997055054 0.5255415439605713
1569 0.9103542566299438 0.8491564989089966
1570 0.6005362868309021 0.5528080463409424
1571 0.6178048253059387 0.8899171948432922
1572 0.9447389245033264 0.5625689029693604
1573 0.3744652271270752 0.07216361910104752
1574 0.9093255400657654 0.2511019706726074
1575 0.9253746271133423 0.18503737449645996
1576 0.5363704562187195 0.9130795001983643
1577 0.9264681339263916 0.18541675806045532
1578 0.865878164768219 0.5528507828712463
1579 0.38540709018707275 0.04441617801785469
1580 0.6230787634849548 0.1869775652885437
1581 0.6631782650947571 0.15087153017520905
1582 0.30958980321884155 0.41030314564704895
1583 0.2878614664077759 0.09310466796159744
1584 0.6092526316642761 0.17261873185634613
1585 0.5503963828086853 0.872748076915741
1586 0.6527359485626221 0.19004973769187927
1587 0.2875039875507355 0.3761432468891144
1588 0.87021803855896 0.5149927139282227
1589 0.2994149923324585 0.7897961139678955
1590 0.6469000577926636 0.24647606909275055
1591 0.5662264227867126 0.8812059760093689
1592 0.3381456136703491 0.40451520681381226
1593 0.5433235764503479 0.8813941478729248
1594 0.9073644280433655 0.512783408164978
1595 0.9135069251060486 0.8704965114593506
1596 0.052302055060863495 0.5157974362373352
1597 0.6291784048080444 0.5454105734825134
1598 0.6043124198913574 0.8878490328788757
1599 0.8813609480857849 0.8344122171401978
1600 0.28732752799987793 0.7310402393341064
1601 0.6084587574005127 0.5168455243110657
1602 0.9279206991195679 0.5248941779136658
1603 0.929347574710846 0.56241375207901
1604 0.6266695857048035 0.48726916313171387
1605 0.6017811298370361 0.1625141054391861
1606 0.3408041298389435 0.43115362524986267
1607 0.573405921459198 0.9539467692375183
1608 0.8544881343841553 0.8505287766456604
1609 0.3200818598270416 0.3385685086250305
1610 0.6076768636703491 0.8763728737831116
1611 0.031181227415800095 0.5388310551643372
1612 0.9086560606956482 0.5062189102172852
1613 0.5695043802261353 0.928970992565155
1614 0.9271237254142761 0.8022217750549316
1615 0.5975037813186646 0.5712519288063049
1616 0.9191592931747437 0.20623691380023956
1617 0.6716122031211853 0.16288688778877258
1618 0.5971100330352783 0.5805659890174866
1619 0.6376673579216003 0.15265057981014252
1620 0.5664958357810974 0.5127562284469604
1621 0.36035504937171936 0.3470943570137024
1622 0.631177544593811 0.8793090581893921
1623 0.5485858917236328 0.9338685274124146
1624 0.9527071118354797 0.8220991492271423
1625 0.9564844965934753 0.5130663514137268
1626 0.3320840895175934 0.7750997543334961
1627 0.3200991749763489 0.772056519985199
1628 0.5981345772743225 0.25237998366355896
1629 0.08587029576301575 0.5482147932052612
1630 0.08887025713920593 0.5495555400848389
1631 0.28170982003211975 0.7530299425125122
1632 0.20689202845096588 0.7835574746131897
1633 0.8698744773864746 0.5117366909980774
1634 0.5787664651870728 0.546668529510498
1635 0.33358240127563477 0.04721353203058243
1636 0.9311392307281494 0.24517571926116943
1637 0.6303722262382507 0.5915697813034058
1638 0.3073985278606415 0.008611449040472507
1639 0.3872653841972351 0.05710626393556595
1640 0.34763213992118835 0.07097465544939041
1641 0.9872772693634033 0.2251092493534088
1642 0.3587207794189453 0.7614971399307251
1643 0.8925317525863647 0.2598373591899872
1644 0.8873487114906311 0.22936058044433594
1645 0.6640692353248596 0.24070599675178528
1646 0.5880141258239746 0.8680567741394043
1647 0.31889936327934265 0.07517354190349579
1648 0.06721384078264236 0.4797576367855072
1649 0.3471238315105438 0.45281246304512024
1650 0.26936259865760803 0.11665567755699158
1651 0.07380477339029312 0.5167549848556519
1652 0.6131078004837036 0.2468361258506775
1653 0.07552502304315567 0.47510719299316406
1654 0.5595675110816956 0.9683728814125061
1655 0.3456741273403168 0.06054056063294411
1656 0.9562193155288696 0.5335841774940491
1657 0.49542132019996643 0.930940568447113
1658 0.3094143867492676 0.07064717262983322
1659 0.5601204037666321 0.8592398762702942
1660 0.9146398305892944 0.8268877863883972
1661 0.34990251064300537 0.0734163299202919
1662 0.6217838525772095 0.9182702898979187
1663 0.3608072102069855 0.026674851775169373
1664 0.33050060272216797 0.3997175991535187
1665 0.8895628452301025 0.5788124799728394
1666 0.8841031193733215 0.8396430015563965
1667 0.9463022947311401 0.2112712860107422
1668 0.9085718989372253 0.5411328077316284
1669 0.6571254730224609 0.24586163461208344
1670 0.6097995638847351 0.5843575596809387
1671 0.940121054649353 0.5732965469360352
1672 0.2870001494884491 0.34544050693511963
1673 0.2830059230327606 0.8481161594390869
1674 0.9144296050071716 0.5493089556694031
1675 0.3593475818634033 0.45123857259750366
1676 0.9330887794494629 0.8197113275527954
1677 0.8929526209831238 0.5182651877403259
1678 0.6185212135314941 0.905986487865448
1679 0.2506714165210724 0.8077471256256104
1680 0.8609121441841125 0.7793808579444885
1681 0.5807942152023315 0.9372920393943787
1682 0.6423817276954651 0.23684115707874298
1683 0.9122500419616699 0.5272497534751892
1684 0.5388773679733276 0.8990482091903687
1685 0.3005425035953522 0.05134522542357445
1686 0.35919898748397827 0.05674299970269203
1687 0.9340994358062744 0.27414005994796753
1688 0.6123504638671875 0.1935984045267105
1689 0.6115463972091675 0.15935294330120087
1690 0.11281965672969818 0.5311077833175659
1691 0.6170970797538757 0.22084830701351166
1692 0.8882985711097717 0.5647323131561279
1693 0.826483964920044 0.7756233811378479
1694 0.010667567141354084 0.487381249666214
1695 0.5973003506660461 0.9172254204750061
1696 0.024793805554509163 0.538124144077301
1697 0.36631834506988525 0.05687626823782921
1698 0.30803945660591125 0.10848934203386307
1699 0.6177271604537964 0.5734957456588745
1700 0.8641535639762878 0.8200330138206482
1701 0.5937792062759399 0.9198185205459595
1702 0.9509080648422241 0.5254596471786499
1703 0.5639607906341553 0.879589855670929
1704 0.010995045304298401 0.5201965570449829
1705 0.055961187928915024 0.5164052844047546
1706 0.23321112990379333 0.7901143431663513
1707 0.9034141302108765 0.21380071341991425
1708 0.9557056427001953 0.5278740525245667
1709 0.33838146924972534 0.408864289522171
1710 0.9158900380134583 0.24734395742416382
1711 0.0740349069237709 0.5041714310646057
1712 0.6002880930900574 0.2587463855743408
1713 0.5536991357803345 0.5284258723258972
1714 0.9647911787033081 0.5258975028991699
1715 0.6322147846221924 0.5488437414169312
1716 0.8952456712722778 0.5058924555778503
1717 0.5565676093101501 0.5204429626464844
1718 0.29658031463623047 0.8536084294319153
1719 0.2835809290409088 0.8512207865715027
1720 0.2888696491718292 0.8358705043792725
1721 0.5544933676719666 0.5059438943862915
1722 0.9535405039787292 0.4897761940956116
1723 0.5495520830154419 0.5588055849075317
1724 0.09118815511465073 0.47850996255874634
1725 0.9157900810241699 0.8407227396965027
1726 0.8980944156646729 0.8522101044654846
1727 0.3358539342880249 0.3760932981967926
1728 0.6172419190406799 0.2305496335029602
1729 0.8619927167892456 0.48442941904067993
1730 0.3747233748435974 0.05363065004348755
1731 0.27491098642349243 0.8379371762275696
1732 0.5774989724159241 0.9762372970581055
1733 0.040203653275966644 0.5028191804885864
1734 0.35877305269241333 0.05941822752356529
1735 0.5527382493019104 0.5736573338508606
1736 0.32879045605659485 0.08639489859342575
1737 0.35577648878097534 0.3421725034713745
1738 0.630588948726654 0.49585458636283875
1739 0.03834976628422737 0.5063904523849487
1740 0.5892559289932251 0.9167279601097107
1741 0.26725590229034424 0.7859096527099609
1742 0.8832253813743591 0.5160791277885437
1743 0.01948733814060688 0.5092291235923767
1744 0.9185276031494141 0.8043774962425232
1745 0.29687047004699707 0.4216611385345459
1746 0.2457890808582306 0.7619037628173828
1747 0.6138055920600891 0.9535337686538696
1748 0.8665327429771423 0.5416181683540344
1749 0.28929218649864197 0.4210687577724457
1750 0.25100618600845337 0.8297027349472046
1751 0.052424632012844086 0.5375800728797913
1752 0.9207914471626282 0.8460846543312073
1753 0.9110288619995117 0.8067339658737183
1754 0.3213267922401428 0.7555133104324341
1755 0.28735917806625366 0.361112505197525
1756 0.32813459634780884 0.051071204245090485
1757 0.9101804494857788 0.23605512082576752
1758 0.5477563738822937 0.8507323265075684
1759 0.9377601742744446 0.5089246034622192
1760 0.6147754192352295 0.16105052828788757
1761 0.6160768270492554 0.5141189694404602
1762 0.915674090385437 0.8880342245101929
1763 0.37821435928344727 0.4088384211063385
1764 0.5727771520614624 0.19133231043815613
1765 0.3160783648490906 0.04039786383509636
1766 0.9093725681304932 0.47826826572418213
1767 0.06778738647699356 0.5574321150779724
1768 0.6432874798774719 0.2127596139907837
1769 0.5712763071060181 0.9735323786735535
1770 0.8896146416664124 0.8044164776802063
1771 0.8965646028518677 0.5711435079574585
1772 0.28921833634376526 0.37882018089294434
1773 0.6642188429832458 0.1632571518421173
1774 0.5353981852531433 0.5253154635429382
1775 0.948307454586029 0.18486681580543518
1776 0.3175339102745056 0.3454514145851135
1777 0.21904347836971283 0.7637062668800354
1778 0.6394409537315369 0.15056711435317993
1779 0.05273890495300293 0.5208421349525452
1780 0.36832892894744873 0.37916213274002075
1781 0.2619580924510956 0.747977077960968
1782 0.6234232783317566 0.9133307337760925
1783 0.29648613929748535 0.09891323000192642
1784 0.9181585907936096 0.5490334630012512
1785 0.5758317708969116 0.5879395604133606
1786 0.9225242137908936 0.1745949387550354
1787 0.8437698483467102 0.7966024875640869
1788 0.9123238325119019 0.254902184009552
1789 0.6483663320541382 0.26428353786468506
1790 0.949330747127533 0.2041502743959427
1791 0.9081498980522156 0.5486388802528381
1792 0.04699232429265976 0.5432031154632568
1793 0.8877062201499939 0.49207863211631775
1794 0.2798142433166504 0.11028282344341278
1795 0.8909440040588379 0.7693084478378296
1796 0.6196513175964355 0.21151103079319
1797 0.8402377367019653 0.7673602104187012
1798 0.34181317687034607 0.10253237932920456
1799 0.6329816579818726 0.1984877586364746
1800 0.09361248463392258 0.5561037063598633
1801 0.6027016043663025 0.5655785202980042
1802 0.33760327100753784 0.3439074754714966
1803 0.5294858813285828 0.8585006594657898
1804 0.8596959710121155 0.5716538429260254
1805 0.31158384680747986 0.7609183192253113
1806 0.6718041300773621 0.23310738801956177
1807 0.8785582780838013 0.26355570554733276
1808 0.30746766924858093 0.42971402406692505
1809 0.3545716106891632 0.38858816027641296
1810 0.5909067392349243 0.8652421832084656
1811 0.9237537980079651 0.814776599407196
1812 0.006229242775589228 0.5251320600509644
1813 0.9226949214935303 0.26066094636917114
1814 0.5757059454917908 0.9327044486999512
1815 0.5729758739471436 0.5615185499191284
1816 0.32336294651031494 0.3711298108100891
1817 0.6089282631874084 0.9261681437492371
1818 0.5421097874641418 0.5100265741348267
1819 0.3683594763278961 0.10270173102617264
1820 0.5752307772636414 0.5905920267105103
1821 0.8694177269935608 0.876979410648346
1822 0.5419580340385437 0.9002498388290405
1823 0.2564495801925659 0.8147828578948975
1824 0.31265896558761597 0.8245204091072083
1825 0.6506546139717102 0.24677379429340363
1826 0.9521065950393677 0.47947484254837036
1827 0.5828060507774353 0.8566871285438538
1828 0.09233208000659943 0.49662455916404724
1829 0.8226882815361023 0.8570665717124939
1830 0.8923861980438232 0.2287762463092804
1831 0.8901718854904175 0.2659987509250641
1832 0.6085764765739441 0.5003275871276855
1833 0.536530077457428 0.9067834615707397
1834 0.6006651520729065 0.19151540100574493
1835 0.3464697301387787 0.06270059943199158
1836 0.27657487988471985 0.856586217880249
1837 0.598993182182312 0.9296461343765259
1838 0.3323911726474762 0.35699498653411865
1839 0.6220881938934326 0.8705607056617737
1840 0.9441536664962769 0.49753570556640625
1841 0.5989288687705994 0.934349536895752
1842 0.6117275953292847 0.9485498666763306
1843 0.9001362919807434 0.8055800795555115
1844 0.8925523161888123 0.30510979890823364
1845 0.025403965264558792 0.5448015332221985
1846 0.616107702255249 0.2144376039505005
1847 0.3039287030696869 0.34062203764915466
1848 0.2789110839366913 0.7605511546134949
1849 0.6376962065696716 0.5189328789710999
1850 0.9548535943031311 0.17873194813728333
1851 0.5781518816947937 0.8092309832572937
1852 0.5940280556678772 0.9063325524330139
1853 0.5434508323669434 0.9383249282836914
1854 0.2813217043876648 0.7679492235183716
1855 0.004113573115319014 0.5090519785881042
1856 0.5939260125160217 0.956026017665863
1857 0.9265411496162415 0.5025611519813538
1858 0.9452450275421143 0.2721039056777954
1859 0.6623396277427673 0.1696661114692688
1860 0.6228665709495544 0.1542378067970276
1861 0.9942047595977783 0.22757402062416077
1862 0.6104288101196289 0.5975353717803955
1863 0.9145766496658325 0.5655909776687622
1864 0.5570828914642334 0.5774269700050354
1865 0.371031790971756 0.41616156697273254
1866 0.24827472865581512 0.7330331802368164
1867 0.9420289397239685 0.1896788626909256
1868 0.9769952297210693 0.19615931808948517
1869 0.2774631381034851 0.07927297800779343
1870 0.5888579487800598 0.8538773059844971
1871 0.9528085589408875 0.5592824816703796
1872 0.26503807306289673 0.7545569539070129
1873 0.5744965672492981 0.1979045867919922
1874 0.887916088104248 0.8434918522834778
1875 0.30647996068000793 0.07665705680847168
1876 0.31839078664779663 0.06836453080177307
1877 0.5222023129463196 0.8876417279243469
1878 0.5181394815444946 0.88862144947052
1879 0.3933357298374176 0.07228469848632812
1880 0.27949851751327515 0.834557294845581
1881 0.5592899918556213 0.8350912928581238
1882 0.880466639995575 0.7880001664161682
1883 0.32391026616096497 0.7910337448120117
1884 0.9613012075424194 0.2550460994243622
1885 0.5291468501091003 0.9033796191215515
1886 0.9020889401435852 0.4974530339241028
1887 0.523276686668396 0.868712306022644
1888 0.9619885087013245 0.192148819565773
1889 0.0555751770734787 0.5287058353424072
1890 0.22522535920143127 0.7778068780899048
1891 0.06983719766139984 0.4897438883781433
1892 0.2832928001880646 0.06473255157470703
1893 0.8757695555686951 0.8591563105583191
1894 0.597811758518219 0.5632791519165039
1895 0.2749079167842865 0.7714001536369324
1896 0.6738836169242859 0.15159456431865692
1897 0.08717582374811172 0.47971829771995544
1898 0.5990931391716003 0.8768065571784973
1899 0.25246959924697876 0.7740052342414856
1900 0.8853126168251038 0.5483627915382385
1901 0.30254197120666504 0.3601396381855011
1902 0.5630048513412476 0.6045725345611572
1903 0.03595371171832085 0.47917458415031433
1904 0.645984947681427 0.1776372343301773
1905 0.32930871844291687 0.37682902812957764
1906 0.2737700343132019 0.7631527781486511
1907 0.6984100341796875 0.21314717829227448
1908 0.8589410185813904 0.8306019902229309
1909 0.3652995228767395 0.3561219871044159
1910 0.9372735023498535 0.8548386096954346
1911 0.33450591564178467 0.0318019725382328
1912 0.6132990121841431 0.17709621787071228
1913 0.576947808265686 0.5830348134040833
1914 0.3487364649772644 0.43181049823760986
1915 0.5740672945976257 0.581207275390625
1916 0.2989060580730438 0.8049810528755188
1917 0.35604172945022583 0.38742849230766296
1918 0.6041441559791565 0.232768714427948
1919 0.5581820011138916 0.9633552432060242
1920 0.5507364869117737 0.5664825439453125
1921 0.5493746995925903 0.8467457294464111
1922 0.5820888876914978 0.5043215155601501
1923 0.2270076721906662 0.7964659333229065
1924 0.8888043761253357 0.24525871872901917
1925 0.3085879981517792 0.8311928510665894
1926 0.6793164014816284 0.14114221930503845
1927 0.9495524168014526 0.8232715725898743
1928 0.27513039112091064 0.7984814643859863
1929 0.9833379983901978 0.18435144424438477
1930 0.3626120090484619 0.39509281516075134
1931 0.8802335858345032 0.8442468047142029
1932 0.5124800205230713 0.9069300293922424
1933 0.5657222867012024 0.5411769151687622
1934 0.053911056369543076 0.5307879447937012
1935 0.8679620623588562 0.2165660411119461
1936 0.5360367894172668 0.5111773014068604
1937 0.573552131652832 0.9717712998390198
1938 0.3800046443939209 0.4159664213657379
1939 0.5971948504447937 0.16294848918914795
1940 0.258933424949646 0.7290055155754089
1941 0.33251357078552246 0.4144049882888794
1942 0.6365635991096497 0.14818239212036133
1943 0.2870333790779114 0.4044848084449768
1944 0.5441750288009644 0.5591908097267151
1945 0.8873223662376404 0.4891027510166168
1946 0.8715625405311584 0.5622072815895081
1947 0.07844880223274231 0.5221641063690186
1948 0.2656163275241852 0.053233034908771515
1949 0.8453584313392639 0.8194848299026489
1950 0.5781347155570984 0.5167465806007385
1951 0.6294912695884705 0.19940362870693207
1952 0.9002257585525513 0.8085296154022217
1953 0.32537031173706055 0.12052754312753677
1954 0.5568825006484985 0.5454407334327698
1955 0.047750506550073624 0.48908531665802
1956 0.9078460335731506 0.24255098402500153
1957 0.2694185674190521 0.7814918756484985
1958 0.5634918808937073 0.8515197038650513
1959 0.04058891907334328 0.4863058626651764
1960 0.07686257362365723 0.5508657097816467
1961 0.3626581132411957 0.05184483528137207
1962 0.893677830696106 0.5441744327545166
1963 0.8977788090705872 0.2744514048099518
1964 0.5938557386398315 0.23814253509044647
1965 0.6022830009460449 0.5759623050689697
1966 0.8711509108543396 0.7898467779159546
1967 0.628628134727478 0.524181604385376
1968 0.5944206714630127 0.17229072749614716
1969 0.3628469705581665 0.37635332345962524
1970 0.5777646899223328 0.9595661759376526
1971 0.5980514287948608 0.23272433876991272
1972 0.9327918887138367 0.2828318774700165
1973 0.548811137676239 0.5243972539901733
1974 0.2961355745792389 0.8030568957328796
1975 0.31334155797958374 0.39449259638786316
1976 0.6075311899185181 0.5192602872848511
1977 0.2701146900653839 0.8172227740287781
1978 0.3301104009151459 0.4119737148284912
1979 0.5901648998260498 0.5400758385658264
1980 0.5629079937934875 0.5304480195045471
1981 0.5935583114624023 0.5668738484382629
1982 0.9380901455879211 0.5025931596755981
1983 0.6220085620880127 0.1952301561832428
1984 0.9007259011268616 0.8606997132301331
1985 0.3097796142101288 0.3938964307308197
1986 0.3456830382347107 0.36024758219718933
1987 0.23017676174640656 0.7807286381721497
1988 0.9733532667160034 0.24641068279743195
1989 0.26262423396110535 0.8023468852043152
1990 0.5858665108680725 0.8625849485397339
1991 0.922977089881897 0.7924747467041016
1992 0.5266562104225159 0.8640704154968262
1993 0.5546747446060181 0.5237914323806763
1994 0.6760385632514954 0.2408381849527359
1995 0.31959640979766846 0.036107562482357025
1996 0.38894668221473694 0.37556514143943787
1997 0.2786605954170227 0.0751054435968399
1998 0.6176565289497375 0.9389932155609131
1999 0.914174497127533 0.21614257991313934
